<?xml version="1.0"?>
<opencv_storage>
<sr300_1 type_id="opencv-matrix">
  <rows>2</rows>
  <cols>3</cols>
  <dt>d</dt>
  <data>
    9.7560968088598199e-01 2.1923892213705175e-02
    -1.8010417706265251e+01 -1.8486423916691058e-02
    8.2264601745031007e-01 2.2631970152151588e+01</data></sr300_1>
</opencv_storage>
