<?xml version="1.0"?>
<opencv_storage>
<sr300_18 type_id="opencv-matrix">
  <rows>2</rows>
  <cols>3</cols>
  <dt>d</dt>
  <data>
    9.7534238878318136e-01 2.1917784204562311e-02
    -1.7972614166893738e+01 -1.9955083899689651e-02
    8.8800197729630403e-01 1.7821885183321012e+01</data></sr300_18>
</opencv_storage>
