<?xml version="1.0"?>
<opencv_storage>
<sr300_4 type_id="opencv-matrix">
  <rows>2</rows>
  <cols>3</cols>
  <dt>d</dt>
  <data>
    1.1378553681829378e+00 5.8351734522929223e-02
    -5.0663729386359577e+01 -5.0890631396499721e-02
    9.9236644847820210e-01 1.1974559003069468e+01</data></sr300_4>
</opencv_storage>
