<?xml version="1.0"?>
<opencv_storage>
<sr300_20 type_id="opencv-matrix">
  <rows>2</rows>
  <cols>3</cols>
  <dt>d</dt>
  <data>
    9.6342550347822020e-01 1.1894199864604356e-02
    -1.2750537650048466e+01 -1.0853360433939908e-02
    8.7912090258231401e-01 1.7223159365470387e+01</data></sr300_20>
</opencv_storage>
