<?xml version="1.0"?>
<opencv_storage>
<sr300 type_id="opencv-matrix">
  <rows>2</rows>
  <cols>3</cols>
  <dt>d</dt>
  <data>
    1.0308442265273292e+00 8.1168249337193223e-03
    -2.8068196579116801e+01 -7.5261013841219186e-03
    9.5582684639286009e-01 7.6831637661348253e+00</data></sr300>
</opencv_storage>
