<?xml version="1.0"?>
<opencv_storage>
<sr300_4 type_id="opencv-matrix">
  <rows>2</rows>
  <cols>3</cols>
  <dt>d</dt>
  <data>
    9.6385542168674676e-01 0. -1.2048192771084301e+01
    -1.2918958832001821e-16 8.6021505376344087e-01
    1.6086021505376380e+01</data></sr300_4>
</opencv_storage>
