<?xml version="1.0"?>
<opencv_storage>
<sr300_1 type_id="opencv-matrix">
  <rows>2</rows>
  <cols>3</cols>
  <dt>d</dt>
  <data>
    1.1062589956644970e+00 5.8224225828680608e-02
    -4.5502171503634436e+01 -5.3691444334832916e-02
    1.0201339888140235e+00 9.9597959881390281e+00</data></sr300_1>
</opencv_storage>
